9
38
2 0 0 0 1 x 28
2 0 2 1 2 + 7
2 0 3 0 4 x 6
2 0 5 0 6 - 2
2 0 7 0 8 - 8
2 1 0 2 0 / 4
2 1 1 2 1 x 6
2 1 3 2 3 x 28
2 1 4 1 5 x 30
2 1 6 2 6 + 17
2 1 7 1 8 - 1
2 2 2 3 2 + 17
2 2 4 2 5 x 15
2 2 7 3 7 / 4
2 2 8 3 8 / 2
2 3 0 4 0 - 7
3 3 1 4 1 4 2 + 14
2 3 3 3 4 x 35
2 3 5 3 6 + 3
2 4 3 5 3 - 8
3 4 4 5 4 5 5 x 168
3 4 5 4 6 4 7 x 96
2 4 8 5 8 - 3
2 5 0 5 1 + 17
2 5 2 6 2 - 1
2 5 6 5 7 + 11
2 6 0 6 1 x 42
2 6 3 6 4 - 7
1 6 5 = 3
3 6 6 6 7 6 8 x 90
4 7 0 7 1 8 0 8 1 x 600
2 7 2 7 3 x 6
2 7 4 8 4 x 72
2 7 5 8 5 - 8
3 7 6 7 7 8 7 x 42
2 7 8 8 8 + 11
2 8 2 8 3 / 3
1 8 6 = 4
