9
36
3 0 0 0 1 1 0 x 96
2 0 2 0 3 / 3
3 0 4 0 5 0 6 x 378
2 0 7 0 8 - 1
2 1 1 1 2 + 3
2 1 3 2 3 + 13
3 1 4 1 5 2 4 x 64 
2 1 6 1 7 x 21 
2 1 8 2 8 + 6
2 2 0 2 1 + 17
2 2 2 3 2 + 14
3 2 5 3 4 3 5 x 54
4 2 6 2 7 3 6 3 7 + 23
3 3 0 3 1 4 0 x 140
2 3 3 4 3 + 3
2 3 8 4 8 x 63
2 4 1 4 2 / 2
2 4 4 5 4 + 14
2 4 5 5 5 + 8 
2 4 6 4 7 x 20
2 5 0 5 1 + 3
2 5 2 5 3 + 9
3 5 6 5 7 6 7x 648
2 5 8 6 8 x 6
1 6 0 = 3 
3 6 1 6 2 7 2 x 294
2 6 3 6 4 - 3
2 6 5 6 6 / 4
2 7 0 7 1 x 45
2 7 3 8 3 x 42 
2 7 4 8 4 - 8
2 7 5 7 6 / 2
2 7 7 7 8 - 5
3 8 0 8 1 8 2 + 15 
2 8 5 8 6 - 3
2 8 7 8 8 x 6