9
36
2 0 0 1 0 x 15
2 0 1 1 1 + 15
1 0 2 = 2
2 0 3 0 4 - 6
3 0 5 0 6 1 5 + 19
2 0 7 0 8 + 7
4 1 2 1 3 2 2 2 3 + 31
2 1 4 2 4 + 3
4 1 6 1 7 1 8 2 7 x 240
1 2 0 = 6
2 2 1 3 1 / 3
2 2 5 3 5 + 8
2 2 6 3 6 / 2
3 2 8 3 7 3 8 + 19
2 3 0 4 0 / 4
2 3 2 4 2 + 10
2 3 3 4 3 x 56
3 3 4 4 4 5 4 x 180
2 4 5 5 5 x 48
2 4 6 4 7 - 8
3 4 8 5 8 6 8 + 17
3 4 1 5 0 5 1 + 19
2 5 2 5 3 + 3
3 5 6 5 7 6 6 + 15
2 6 0 6 1 - 3
2 6 2 6 3 x 12
2 6 4 6 5 / 3
2 6 7 7 7 + 3
2 7 0 7 1 - 8
2 7 2 7 3 + 10
2 7 4 7 5 x 56
2 7 6 8 6 - 6
3 8 0 8 1 8 2 + 11
1 8 3 = 6
2 8 4 8 5 - 2
3 7 8 8 7 8 8 + 20